44.4930535, -0.6396129, 3 août 2020 14:06:03, 25.367, 124.4000015258789, 2.0, -1, -1, 0
44.4930535, -0.6396129, 3 août 2020 14:06:03, 25.367, 124.4000015258789, 2.0, -1, -1, 0
44.4930175, -0.6398157, 3 août 2020 14:06:07, 22.183, 124.4000015258789, 2.0, 0.030217007, -1, 0
44.4930445, -0.6398197, 3 août 2020 14:06:11, 19.756, 124.4000015258789, 2.0, 0.86187905, -1, 0
44.4930155, -0.6397705, 3 août 2020 14:06:13, 11.95, 124.4000015258789, 2.0, 0.015193846, -1, 0
44.4929759, -0.6398262, 3 août 2020 14:06:18, 14.129, 124.4000015258789, 2.0, 0.0, -1, 0
44.4929952, -0.6397932, 3 août 2020 14:06:20, 15.374, 124.4000015258789, 2.0, 1.0728438, -1, 0
44.4930059, -0.6397729, 3 août 2020 14:06:22, 13.566, 124.4000015258789, 2.0, 0.87135583, -1, 0
44.4930231, -0.6397635, 3 août 2020 14:06:24, 12.135, 124.4000015258789, 2.0, 0.80390626, -1, 0
44.493039, -0.6397468, 3 août 2020 14:06:27, 12.134, 124.4000015258789, 2.0, 0.45277554, -1, 0
44.4930476, -0.639722, 3 août 2020 14:06:33, 12.351, 124.4000015258789, 2.0, 1.1598273E-4, -1, 0
44.4930536, -0.6396972, 3 août 2020 14:06:43, 8.838, 124.4000015258789, 2.0, 0.0, -1, 0
44.4930392, -0.6397128, 3 août 2020 14:07:09, 10.503, 124.4000015258789, 2.0, 1.3575937, -1, 0
44.4930243, -0.6397379, 3 août 2020 14:07:12, 11.84, 124.4000015258789, 2.0, 2.04337, -1, 0
44.4930102, -0.6397575, 3 août 2020 14:07:14, 12.914, 123.69999694824219, 2.0, 1.9467722, -1, 0
44.4929836, -0.6397085, 3 août 2020 14:07:18, 14.33, 123.69999694824219, 2.0, 0.64863384, -1, 0
44.4929585, -0.6397083, 3 août 2020 14:07:22, 14.331, 123.69999694824219, 2.0, 0.0016954731, -1, 0
44.4929347, -0.6397048, 3 août 2020 14:07:24, 12.674, 124.4000015258789, 2.0, 0.02465314, -1, 0
44.4929166, -0.6397031, 3 août 2020 14:07:27, 10.816, 124.4000015258789, 2.0, 0.0011725582, -1, 0
44.492894, -0.639701, 3 août 2020 14:07:28, 10.351, 124.4000015258789, 2.0, 7.236748E-5, -1, 0
44.4928752, -0.6397006, 3 août 2020 14:07:32, 10.376, 124.4000015258789, 2.0, 0.001321295, -1, 0
44.4928787, -0.6397362, 3 août 2020 14:08:01, 9.349, 124.69999694824219, 2.0, 1.896062, -1, 0
44.4928843, -0.639765, 3 août 2020 14:08:03, 9.851, 124.69999694824219, 2.0, 2.3542233, -1, 0
44.4928858, -0.6398028, 3 août 2020 14:08:06, 11.395, 124.69999694824219, 2.0, 2.5599508, -1, 0
44.4928832, -0.6398458, 3 août 2020 14:08:08, 12.046, 124.69999694824219, 2.0, 2.5008311, -1, 0
44.4928966, -0.639876, 3 août 2020 14:08:11, 12.766, 123.69999694824219, 2.0, 2.2101388, -1, 0
44.4929185, -0.6398793, 3 août 2020 14:08:12, 13.062, 123.69999694824219, 2.0, 1.9303902, -1, 0
44.4929386, -0.6398732, 3 août 2020 14:08:14, 13.286, 123.69999694824219, 2.0, 2.4534216, -1, 0
44.492958, -0.6398601, 3 août 2020 14:08:15, 13.691, 123.69999694824219, 2.0, 3.5639446, -1, 0
44.4929849, -0.6398487, 3 août 2020 14:08:16, 13.916, 123.69999694824219, 2.0, 3.4855828, -1, 0
44.4930046, -0.6398466, 3 août 2020 14:08:17, 13.925, 123.69999694824219, 2.0, 3.4695978, -1, 0
44.4930292, -0.6398624, 3 août 2020 14:08:19, 13.787, 123.69999694824219, 2.0, 3.2095907, -1, 0
44.4930465, -0.6398835, 3 août 2020 14:08:20, 13.58, 123.19999694824219, 2.0, 2.927672, -1, 0
44.4930674, -0.6398992, 3 août 2020 14:08:21, 13.341, 123.19999694824219, 2.0, 2.3150182, -1, 0
44.4930924, -0.6399407, 3 août 2020 14:08:23, 13.279, 123.19999694824219, 2.0, 1.8399448, -1, 0
44.4931178, -0.6399857, 3 août 2020 14:08:24, 13.332, 123.19999694824219, 2.0, 1.4571874, -1, 0
44.4931343, -0.6400116, 3 août 2020 14:08:25, 13.389, 123.19999694824219, 2.0, 1.5278013, -1, 0
44.493159, -0.6400477, 3 août 2020 14:08:27, 13.549, 123.19999694824219, 2.0, 1.5789971, -1, 0
44.4931906, -0.6400845, 3 août 2020 14:08:29, 13.62, 123.19999694824219, 2.0, 1.7836882, -1, 0
44.4932318, -0.6401182, 3 août 2020 14:08:30, 13.338, 123.29999542236328, 2.0, 2.3223577, -1, 0
44.4932629, -0.6401296, 3 août 2020 14:08:31, 13.131, 123.29999542236328, 2.0, 2.4473019, -1, 0
44.4932938, -0.640131, 3 août 2020 14:08:33, 12.88, 123.29999542236328, 2.0, 2.2743828, -1, 0
44.4933214, -0.6401313, 3 août 2020 14:08:34, 12.624, 123.29999542236328, 2.0, 2.5168216, -1, 0
44.4933531, -0.640134, 3 août 2020 14:08:35, 12.473, 123.29999542236328, 2.0, 2.7606673, -1, 0
44.493384, -0.6401597, 3 août 2020 14:08:36, 12.611, 123.29999542236328, 2.0, 3.3152466, -1, 0
44.4934128, -0.6401877, 3 août 2020 14:08:38, 12.715, 123.29999542236328, 2.0, 3.4466908, -1, 0
44.4934312, -0.6402071, 3 août 2020 14:08:39, 12.848, 123.29999542236328, 2.0, 3.4545453, -1, 0
44.493446, -0.640225, 3 août 2020 14:08:40, 12.86, 123.19999694824219, 2.0, 3.8027747, -1, 0
44.4934581, -0.6402472, 3 août 2020 14:08:41, 12.889, 123.19999694824219, 2.0, 3.838132, -1, 0
44.4934773, -0.6402927, 3 août 2020 14:08:43, 13.099, 123.19999694824219, 2.0, 3.896805, -1, 0
44.493465, -0.6402561, 3 août 2020 14:08:45, 13.556, 123.19999694824219, 2.0, 3.3843873, -1, 0
44.4934912, -0.6403104, 3 août 2020 14:08:47, 14.05, 123.19999694824219, 2.0, 2.8640194, -1, 0
44.4935216, -0.6403658, 3 août 2020 14:08:49, 14.346, 123.19999694824219, 2.0, 2.9283645, -1, 0
44.4935627, -0.6404621, 3 août 2020 14:08:50, 13.796, 122.79999542236328, 2.0, 2.8559592, -1, 0
44.4935856, -0.6405226, 3 août 2020 14:08:52, 13.334, 122.79999542236328, 2.0, 2.998162, -1, 0
44.4936129, -0.6405978, 3 août 2020 14:08:53, 12.58, 122.79999542236328, 2.0, 3.4973607, -1, 0
44.4936331, -0.6406809, 3 août 2020 14:08:55, 11.816, 122.79999542236328, 2.0, 3.6402767, -1, 0
44.493649, -0.6407221, 3 août 2020 14:08:56, 11.584, 122.79999542236328, 2.0, 3.916688, -1, 0
44.4936619, -0.6407631, 3 août 2020 14:08:57, 11.101, 122.79999542236328, 2.0, 4.1195755, -1, 0
44.4936871, -0.6408469, 3 août 2020 14:08:59, 10.004, 122.79999542236328, 2.0, 4.1175823, -1, 0
44.4938834, -0.6411137, 3 août 2020 14:09:01, 10.932, 122.69999694824219, 2.0, 4.0148244, -1, 0
44.4939321, -0.6411307, 3 août 2020 14:09:02, 11.317, 122.69999694824219, 2.0, 4.2451844, -1, 0
44.4939661, -0.6412087, 3 août 2020 14:09:03, 11.629, 122.69999694824219, 2.0, 3.7055101, -1, 0
44.4940075, -0.6413687, 3 août 2020 14:09:04, 12.076, 122.69999694824219, 2.0, 4.5577745, -1, 0
44.4940295, -0.6414655, 3 août 2020 14:09:05, 11.778, 122.69999694824219, 2.0, 4.371954, -1, 0
44.4940477, -0.641542, 3 août 2020 14:09:06, 11.584, 122.69999694824219, 2.0, 4.177997, -1, 0
44.4940689, -0.641621, 3 août 2020 14:09:08, 11.84, 122.69999694824219, 2.0, 3.964586, -1, 0
44.4940846, -0.6416797, 3 août 2020 14:09:09, 11.843, 122.69999694824219, 2.0, 3.923244, -1, 0
44.4941009, -0.6417328, 3 août 2020 14:09:10, 12.045, 122.69999694824219, 2.0, 3.855575, -1, 0
44.4941236, -0.6417957, 3 août 2020 14:09:11, 12.023, 122.69999694824219, 2.0, 3.4344745, -1, 0
44.4941481, -0.6418633, 3 août 2020 14:09:13, 12.167, 122.69999694824219, 2.0, 3.2929423, -1, 0
44.4941786, -0.6419276, 3 août 2020 14:09:15, 12.814, 122.69999694824219, 2.0, 3.3070688, -1, 0
44.4941966, -0.6419769, 3 août 2020 14:09:16, 14.479, 122.69999694824219, 2.0, 3.2095222, -1, 0
44.4942215, -0.642022, 3 août 2020 14:09:17, 18.524, 122.69999694824219, 2.0, 2.9800386, -1, 0
44.4942313, -0.6420692, 3 août 2020 14:09:18, 19.971, 122.69999694824219, 2.0, 3.3586376, -1, 0
44.494236, -0.6421164, 3 août 2020 14:09:20, 21.074, 122.69999694824219, 2.0, 3.7806726, -1, 0
44.4942496, -0.6422315, 3 août 2020 14:09:21, 20.493, 122.69999694824219, 2.0, 3.9295292, -1, 0
44.4942627, -0.6422864, 3 août 2020 14:09:22, 19.457, 122.69999694824219, 2.0, 4.644125, -1, 0
44.4943098, -0.6423422, 3 août 2020 14:09:24, 17.285, 122.69999694824219, 2.0, 3.299805, -1, 0
44.49431, -0.6423749, 3 août 2020 14:09:26, 16.548, 122.69999694824219, 2.0, 3.5699334, -1, 0
44.4943097, -0.642404, 3 août 2020 14:09:27, 15.336, 122.69999694824219, 2.0, 3.8584177, -1, 0
44.4943078, -0.6424643, 3 août 2020 14:09:29, 13.707, 122.0999984741211, 2.0, 4.3232, -1, 0
44.4943048, -0.6425136, 3 août 2020 14:09:30, 13.479, 122.0999984741211, 2.0, 3.6996417, -1, 0
44.4943025, -0.6425498, 3 août 2020 14:09:31, 13.414, 122.0999984741211, 2.0, 3.1491377, -1, 0
44.4943037, -0.6425848, 3 août 2020 14:09:32, 13.439, 122.0999984741211, 2.0, 3.5880537, -1, 0
44.4943127, -0.6426566, 3 août 2020 14:09:34, 13.638, 122.0999984741211, 2.0, 4.0239387, -1, 0
44.4943174, -0.6427017, 3 août 2020 14:09:35, 13.85, 122.0999984741211, 2.0, 4.22995, -1, 0
44.4943173, -0.642774, 3 août 2020 14:09:37, 14.176, 122.0999984741211, 2.0, 3.8877423, -1, 0
44.4943159, -0.6428225, 3 août 2020 14:09:38, 14.515, 121.5, 2.0, 3.6220644, -1, 0
44.4943168, -0.6428716, 3 août 2020 14:09:39, 14.921, 121.5, 2.0, 3.1018863, -1, 0
44.4943234, -0.642909, 3 août 2020 14:09:40, 15.14, 121.5, 2.0, 3.0132544, -1, 0
44.4943447, -0.6429657, 3 août 2020 14:09:42, 15.385, 121.5, 2.0, 3.1578302, -1, 0
44.4943618, -0.6429875, 3 août 2020 14:09:43, 15.499, 121.5, 2.0, 3.4792109, -1, 0
44.4943908, -0.6430105, 3 août 2020 14:09:44, 15.542, 121.5, 2.0, 4.3396482, -1, 0
44.4944185, -0.643026, 3 août 2020 14:09:45, 15.531, 121.5, 2.0, 4.4375067, -1, 0
44.4944468, -0.6430386, 3 août 2020 14:09:46, 15.478, 121.5, 2.0, 4.4342566, -1, 0
44.4944781, -0.6430617, 3 août 2020 14:09:47, 15.139, 121.5, 2.0, 4.591735, -1, 0
44.4945235, -0.6430866, 3 août 2020 14:09:49, 14.617, 121.29999542236328, 2.0, 4.4625354, -1, 0
44.494561, -0.6431046, 3 août 2020 14:09:50, 13.992, 121.29999542236328, 2.0, 4.520672, -1, 0
44.4945852, -0.6431171, 3 août 2020 14:09:51, 13.636, 121.29999542236328, 2.0, 4.4078374, -1, 0
44.494616, -0.6431362, 3 août 2020 14:09:52, 13.18, 121.29999542236328, 2.0, 4.480999, -1, 0
44.4946451, -0.6431537, 3 août 2020 14:09:53, 12.795, 121.29999542236328, 2.0, 4.4119444, -1, 0
44.4946723, -0.6431734, 3 août 2020 14:09:54, 12.632, 121.29999542236328, 2.0, 4.433473, -1, 0
44.4947716, -0.6433022, 3 août 2020 14:09:55, 12.293, 121.29999542236328, 2.0, 4.617935, -1, 0
44.4948376, -0.6433556, 3 août 2020 14:09:56, 13.051, 121.29999542236328, 2.0, 4.356889, -1, 0
44.4949142, -0.643428, 3 août 2020 14:09:58, 14.035, 121.29999542236328, 2.0, 4.0295296, -1, 0
44.4949882, -0.6435034, 3 août 2020 14:09:59, 14.936, 121.29999542236328, 2.0, 3.9127276, -1, 0
44.4950295, -0.6435643, 3 août 2020 14:10:01, 15.848, 121.29999542236328, 2.0, 3.6460862, -1, 0
44.4950504, -0.6435913, 3 août 2020 14:10:02, 15.369, 121.29999542236328, 2.0, 3.864332, -1, 0
44.4950703, -0.6436262, 3 août 2020 14:10:03, 14.865, 121.29999542236328, 2.0, 4.340176, -1, 0
44.4950871, -0.6436558, 3 août 2020 14:10:04, 14.768, 121.29999542236328, 2.0, 4.257622, -1, 0
44.4951191, -0.6436965, 3 août 2020 14:10:06, 15.156, 121.29999542236328, 2.0, 3.9422917, -1, 0
44.4951637, -0.6437159, 3 août 2020 14:10:07, 15.558, 121.29999542236328, 2.0, 3.4026752, -1, 0
44.495198, -0.6437576, 3 août 2020 14:10:09, 15.777, 121.29999542236328, 2.0, 3.162542, -1, 0
44.4952208, -0.6437853, 3 août 2020 14:10:10, 15.678, 121.29999542236328, 2.0, 3.3920457, -1, 0
44.495247, -0.6438203, 3 août 2020 14:10:11, 15.371, 121.29999542236328, 2.0, 3.4886765, -1, 0
44.4952998, -0.6438744, 3 août 2020 14:10:13, 14.593, 121.29999542236328, 2.0, 3.1129887, -1, 0
44.4953422, -0.6438969, 3 août 2020 14:10:14, 13.438, 121.29999542236328, 2.0, 3.0762029, -1, 0
44.495369, -0.6439154, 3 août 2020 14:10:15, 12.939, 121.29999542236328, 2.0, 2.5200057, -1, 0
44.4953991, -0.6439309, 3 août 2020 14:10:16, 12.217, 121.29999542236328, 2.0, 2.728328, -1, 0
44.4954184, -0.6439519, 3 août 2020 14:10:17, 11.62, 121.29999542236328, 2.0, 2.5901184, -1, 0
44.495446, -0.6439829, 3 août 2020 14:10:18, 11.251, 121.29999542236328, 2.0, 2.4415667, -1, 0
44.4954733, -0.6439983, 3 août 2020 14:10:20, 11.176, 121.29999542236328, 2.0, 2.6397116, -1, 0
44.4954993, -0.64403, 3 août 2020 14:10:21, 11.28, 121.29999542236328, 2.0, 2.5656598, -1, 0
44.495523, -0.6440601, 3 août 2020 14:10:22, 11.431, 121.29999542236328, 2.0, 2.3229964, -1, 0
44.4955499, -0.6440957, 3 août 2020 14:10:24, 11.616, 121.29999542236328, 2.0, 2.2520769, -1, 0
44.4955667, -0.6441196, 3 août 2020 14:10:25, 11.774, 121.29999542236328, 2.0, 2.3894506, -1, 0
44.4955807, -0.6441474, 3 août 2020 14:10:26, 11.871, 121.29999542236328, 2.0, 2.1174703, -1, 0
44.4956047, -0.6441932, 3 août 2020 14:10:28, 12.093, 121.29999542236328, 2.0, 2.6963718, -1, 0
44.495627, -0.6442357, 3 août 2020 14:10:29, 12.206, 121.29999542236328, 2.0, 3.3923113, -1, 0
44.4956481, -0.6442853, 3 août 2020 14:10:30, 12.382, 121.29999542236328, 2.0, 3.897404, -1, 0
44.4956718, -0.6443443, 3 août 2020 14:10:32, 12.571, 121.29999542236328, 2.0, 3.827584, -1, 0
44.4956887, -0.644379, 3 août 2020 14:10:33, 12.604, 121.29999542236328, 2.0, 3.1875818, -1, 0
44.4957091, -0.6444194, 3 août 2020 14:10:34, 12.606, 121.29999542236328, 2.0, 2.995098, -1, 0
44.4957272, -0.644458, 3 août 2020 14:10:36, 12.558, 121.29999542236328, 2.0, 3.2289321, -1, 0
44.495743, -0.6444944, 3 août 2020 14:10:37, 12.442, 121.29999542236328, 2.0, 3.5753257, -1, 0
44.4957553, -0.6445288, 3 août 2020 14:10:38, 12.431, 121.29999542236328, 2.0, 3.4393368, -1, 0
44.4957715, -0.6445648, 3 août 2020 14:10:39, 12.339, 112.29999542236328, 2.0, 3.7754042, -1, 0
44.4957915, -0.6446219, 3 août 2020 14:10:40, 12.221, 112.29999542236328, 2.0, 3.779819, -1, 0
44.4958079, -0.644677, 3 août 2020 14:10:42, 12.135, 112.29999542236328, 2.0, 3.8330457, -1, 0
44.4958208, -0.6447338, 3 août 2020 14:10:44, 11.942, 112.29999542236328, 2.0, 3.3967211, -1, 0
44.4958327, -0.6447865, 3 août 2020 14:10:45, 12.032, 112.29999542236328, 2.0, 3.2715871, -1, 0
44.4958432, -0.6448347, 3 août 2020 14:10:46, 12.097, 112.29999542236328, 2.0, 3.090533, -1, 0
44.4958595, -0.6449032, 3 août 2020 14:10:48, 12.266, 112.29999542236328, 2.0, 2.865581, -1, 0
44.4958729, -0.6449685, 3 août 2020 14:10:49, 12.329, 112.29999542236328, 2.0, 2.7841318, -1, 0
44.4958853, -0.6450263, 3 août 2020 14:10:51, 12.254, 112.29999542236328, 2.0, 3.0266776, -1, 0
44.4958955, -0.6450691, 3 août 2020 14:10:52, 12.22, 112.29999542236328, 2.0, 3.233717, -1, 0
44.4959095, -0.6451279, 3 août 2020 14:10:53, 12.107, 112.29999542236328, 2.0, 3.244033, -1, 0
44.4959219, -0.6451737, 3 août 2020 14:10:55, 12.08, 112.29999542236328, 2.0, 3.1132996, -1, 0
44.4959311, -0.6452099, 3 août 2020 14:10:56, 12.037, 112.29999542236328, 2.0, 2.9293149, -1, 0
44.4959415, -0.6452549, 3 août 2020 14:10:57, 11.992, 112.29999542236328, 2.0, 3.3105752, -1, 0
44.49595, -0.645297, 3 août 2020 14:10:58, 11.9, 112.29999542236328, 2.0, 3.7384036, -1, 0
44.4959668, -0.6453895, 3 août 2020 14:11:00, 11.857, 112.29999542236328, 2.0, 3.8450787, -1, 0
44.4959736, -0.6454281, 3 août 2020 14:11:01, 11.889, 112.29999542236328, 2.0, 3.9332142, -1, 0
44.4959824, -0.6454793, 3 août 2020 14:11:02, 12.067, 112.29999542236328, 2.0, 3.4414089, -1, 0
44.4959905, -0.6455204, 3 août 2020 14:11:04, 12.335, 112.29999542236328, 2.0, 3.5956092, -1, 0
44.4959981, -0.6455596, 3 août 2020 14:11:05, 12.762, 112.29999542236328, 2.0, 3.655551, -1, 0
44.4960069, -0.6455995, 3 août 2020 14:11:06, 13.135, 112.29999542236328, 2.0, 3.5850258, -1, 0
44.4961397, -0.6458376, 3 août 2020 14:11:08, 14.747, 112.29999542236328, 2.0, 3.5540693, -1, 0
44.4962229, -0.6459741, 3 août 2020 14:11:09, 16.059, 112.29999542236328, 2.0, 3.4759724, -1, 0
44.4962559, -0.6460502, 3 août 2020 14:11:10, 16.721, 112.29999542236328, 2.0, 3.795377, -1, 0
44.4962782, -0.6461097, 3 août 2020 14:11:11, 16.888, 112.29999542236328, 2.0, 3.8400853, -1, 0
44.4962967, -0.646196, 3 août 2020 14:11:13, 16.187, 112.29999542236328, 2.0, 3.9267414, -1, 0
44.4963058, -0.6462489, 3 août 2020 14:11:14, 15.487, 112.29999542236328, 2.0, 3.7224588, -1, 0
44.4963164, -0.6462965, 3 août 2020 14:11:15, 15.224, 112.29999542236328, 2.0, 3.6510823, -1, 0
44.4963228, -0.64634, 3 août 2020 14:11:16, 15.321, 112.29999542236328, 2.0, 3.8623283, -1, 0
44.4963362, -0.6463925, 3 août 2020 14:11:17, 15.412, 112.29999542236328, 2.0, 4.057855, -1, 0
44.4963484, -0.6464516, 3 août 2020 14:11:18, 15.609, 112.29999542236328, 2.0, 4.2663293, -1, 0
44.4963594, -0.6465261, 3 août 2020 14:11:20, 15.879, 112.29999542236328, 2.0, 4.2082386, -1, 0
44.4963615, -0.6465726, 3 août 2020 14:11:21, 15.988, 112.29999542236328, 2.0, 3.848348, -1, 0
44.49636, -0.6466386, 3 août 2020 14:11:23, 16.038, 112.29999542236328, 2.0, 3.280829, -1, 0
44.496359, -0.6466801, 3 août 2020 14:11:24, 15.692, 112.29999542236328, 2.0, 3.274153, -1, 0
44.4963611, -0.6467231, 3 août 2020 14:11:25, 15.146, 112.29999542236328, 2.0, 3.4535275, -1, 0
44.4963633, -0.6467627, 3 août 2020 14:11:26, 14.829, 112.29999542236328, 2.0, 3.4433582, -1, 0
44.4963698, -0.646802, 3 août 2020 14:11:27, 14.385, 112.29999542236328, 2.0, 3.7145786, -1, 0
44.4963792, -0.646855, 3 août 2020 14:11:28, 13.787, 112.29999542236328, 2.0, 3.8522105, -1, 0
44.4963886, -0.6469294, 3 août 2020 14:11:30, 13.34, 112.29999542236328, 2.0, 3.8682897, -1, 0
44.4963998, -0.6469613, 3 août 2020 14:11:31, 13.159, 112.29999542236328, 2.0, 3.6415064, -1, 0
44.4964092, -0.6469897, 3 août 2020 14:11:32, 13.041, 112.29999542236328, 2.0, 3.479289, -1, 0
44.4964197, -0.6470177, 3 août 2020 14:11:33, 12.965, 112.29999542236328, 2.0, 3.1244965, -1, 0
44.4964305, -0.6470571, 3 août 2020 14:11:35, 12.978, 112.29999542236328, 2.0, 2.9949715, -1, 0
44.4964402, -0.6470889, 3 août 2020 14:11:36, 13.038, 112.29999542236328, 2.0, 2.9463406, -1, 0
44.4964581, -0.6471312, 3 août 2020 14:11:37, 13.073, 112.29999542236328, 2.0, 2.9148083, -1, 0
44.4964841, -0.6471845, 3 août 2020 14:11:39, 12.811, 123.64740335289389, 20.82449, 2.9923513, -1, 0
44.4965037, -0.647222, 3 août 2020 14:11:40, 12.682, 123.6597155528143, 22.049881, 3.077611, -1, 0
44.4965196, -0.6472508, 3 août 2020 14:11:41, 12.615, 123.56715886015445, 22.080263, 3.2019627, -1, 0
